1024.000	125.000	124.000	1.000	4136.856	0.000	4000.000	4166.667	1.000	0.000	0.000
1032.000	405.000	402.000	6.000	4441.899	0.000	4347.826	4545.455	1.000	0.000	0.000
1040.000	37.000	35.000	2.000	4783.851	0.000	4761.905	5000.000	1.000	0.000	0.000
1044.000	24.000	23.000	1.000	5092.142	0.000	5000.000	5263.158	1.000	0.000	0.000
1048.000	17.000	16.000	1.000	5449.352	0.000	5263.158	5555.556	1.000	0.000	0.000
1052.000	19.000	12.000	7.000	5608.259	0.000	5555.556	5882.353	1.000	0.000	0.000
1056.000	694.000	693.000	6.000	4053.451	0.000	4000.000	4166.667	1.000	0.000	0.000
1060.000	44.000	43.000	1.000	4245.824	0.000	4166.667	4347.826	1.000	0.000	0.000
1064.000	40.000	39.000	1.000	4426.718	0.000	4347.826	4545.455	1.000	0.000	0.000
1068.000	46.000	45.000	1.000	4658.935	0.000	4545.455	4761.905	1.000	0.000	0.000
1072.000	10.000	6.000	4.000	4794.453	0.000	4761.905	5000.000	1.000	0.000	0.000
1076.000	33.000	32.000	1.000	5002.254	0.000	5000.000	5263.158	1.000	0.000	0.000
1080.000	55.000	52.000	3.000	5457.079	0.000	5263.158	5555.556	1.000	0.000	0.000
1088.000	37.000	36.000	1.000	4254.782	0.000	4166.667	4347.826	1.000	0.000	0.000
1092.000	48.000	47.000	1.000	4489.143	0.000	4347.826	4545.455	1.000	0.000	0.000
1096.000	38.000	37.000	1.000	4659.740	0.000	4545.455	4761.905	1.000	0.000	0.000
1100.000	86.000	83.000	3.000	4949.382	0.000	4761.905	5000.000	1.000	0.000	0.000
1104.000	7.000	5.000	2.000	5018.326	0.000	5000.000	5263.158	1.000	0.000	0.000
1108.000	2.000	1.000	1.000	5427.469	0.000	5263.158	5555.556	1.000	0.000	0.000
1112.000	16.000	15.000	1.000	5792.872	0.000	5555.556	5882.353	1.000	0.000	0.000
1116.000	71.000	70.000	1.000	4076.441	0.000	4000.000	4166.667	1.000	0.000	0.000
1120.000	58.000	57.000	1.000	4193.028	0.000	4166.667	4347.826	1.000	0.000	0.000
1124.000	74.000	73.000	1.000	4359.525	0.000	4347.826	4545.455	1.000	0.000	0.000
1128.000	7.000	6.000	1.000	4686.651	0.000	4545.455	4761.905	1.000	0.000	0.000
1132.000	5.000	3.000	2.000	4991.386	0.000	4761.905	5000.000	1.000	0.000	0.000
1140.000	16.000	15.000	1.000	5424.147	0.000	5263.158	5555.556	1.000	0.000	0.000
1144.000	27.000	26.000	1.000	5640.072	0.000	5555.556	5882.353	1.000	0.000	0.000
1148.000	189.000	187.000	2.000	4151.303	0.000	4000.000	4166.667	1.000	0.000	0.000
1152.000	2.000	1.000	1.000	4488.801	0.000	4347.826	4545.455	1.000	0.000	0.000
1156.000	53.000	52.000	1.000	4668.915	0.000	4545.455	4761.905	1.000	0.000	0.000
1160.000	7.000	5.000	2.000	4824.064	0.000	4761.905	5000.000	1.000	0.000	0.000
1164.000	27.000	25.000	2.000	5186.255	0.000	5000.000	5263.158	1.000	0.000	0.000
1168.000	68.000	66.000	2.000	5353.761	0.000	5263.158	5555.556	1.000	0.000	0.000
1172.000	16.000	15.000	1.000	5784.012	0.000	5555.556	5882.353	1.000	0.000	0.000
1176.000	99.000	98.000	1.000	4159.126	0.000	4000.000	4166.667	1.000	0.000	0.000
1180.000	64.000	63.000	1.000	4346.973	0.000	4166.667	4347.826	1.000	0.000	0.000
1184.000	407.000	402.000	7.000	4538.922	0.000	4347.826	4545.455	1.000	0.000	0.000
1188.000	4.000	3.000	1.000	4617.766	0.000	4545.455	4761.905	1.000	0.000	0.000
1192.000	69.000	68.000	1.000	4921.631	0.000	4761.905	5000.000	1.000	0.000	0.000
1196.000	34.000	32.000	2.000	5259.075	0.000	5000.000	5263.158	1.000	0.000	0.000
1200.000	13.000	8.000	5.000	5537.515	0.000	5263.158	5555.556	1.000	0.000	0.000
1204.000	22.000	20.000	2.000	5634.697	0.000	5555.556	5882.353	1.000	0.000	0.000
1208.000	138.000	137.000	2.000	4145.848	0.000	4000.000	4166.667	1.000	0.000	0.000
1212.000	23.000	22.000	1.000	4265.176	0.000	4166.667	4347.826	1.000	0.000	0.000
1216.000	3.000	2.000	1.000	4641.291	0.000	4545.455	4761.905	1.000	0.000	0.000
1220.000	7.000	4.000	3.000	4998.248	0.000	4761.905	5000.000	1.000	0.000	0.000
1224.000	2.000	1.000	1.000	5036.089	0.000	5000.000	5263.158	1.000	0.000	0.000
1228.000	45.000	43.000	2.000	5499.602	0.000	5263.158	5555.556	1.000	0.000	0.000
1232.000	3.000	2.000	1.000	5605.767	0.000	5555.556	5882.353	1.000	0.000	0.000
1236.000	350.000	349.000	3.000	4087.468	0.000	4000.000	4166.667	1.000	0.000	0.000
1240.000	63.000	62.000	1.000	4239.746	0.000	4166.667	4347.826	1.000	0.000	0.000
1244.000	50.000	49.000	1.000	4506.288	0.000	4347.826	4545.455	1.000	0.000	0.000
1248.000	133.000	131.000	2.000	4627.614	0.000	4545.455	4761.905	1.000	0.000	0.000
1252.000	15.000	14.000	1.000	4891.069	0.000	4761.905	5000.000	1.000	0.000	0.000
1256.000	12.000	11.000	1.000	5186.131	0.000	5000.000	5263.158	1.000	0.000	0.000
1260.000	8.000	7.000	1.000	5326.880	0.000	5263.158	5555.556	1.000	0.000	0.000
1264.000	19.000	18.000	1.000	5578.098	0.000	5555.556	5882.353	1.000	0.000	0.000
1268.000	20.000	19.000	1.000	4038.379	0.000	4000.000	4166.667	1.000	0.000	0.000
1272.000	96.000	95.000	1.000	4322.610	0.000	4166.667	4347.826	1.000	0.000	0.000
1276.000	6.000	5.000	1.000	4494.002	0.000	4347.826	4545.455	1.000	0.000	0.000
1280.000	14.000	13.000	1.000	4891.529	0.000	4761.905	5000.000	1.000	0.000	0.000
1284.000	7.000	4.000	3.000	5222.994	0.000	5000.000	5263.158	1.000	0.000	0.000
1288.000	41.000	39.000	2.000	5397.100	0.000	5263.158	5555.556	1.000	0.000	0.000
1292.000	2.000	1.000	1.000	5663.992	0.000	5555.556	5882.353	1.000	0.000	0.000
1296.000	401.000	400.000	4.000	4164.203	0.000	4000.000	4166.667	1.000	0.000	0.000
1300.000	12.000	11.000	1.000	4280.819	0.000	4166.667	4347.826	1.000	0.000	0.000
1304.000	30.000	29.000	1.000	4533.610	0.000	4347.826	4545.455	1.000	0.000	0.000
1308.000	98.000	96.000	2.000	4585.931	0.000	4545.455	4761.905	1.000	0.000	0.000
1312.000	23.000	21.000	2.000	4807.006	0.000	4761.905	5000.000	1.000	0.000	0.000
1316.000	7.000	5.000	2.000	5163.244	0.000	5000.000	5263.158	1.000	0.000	0.000
1320.000	81.000	78.000	3.000	5527.593	0.000	5263.158	5555.556	1.000	0.000	0.000
1324.000	24.000	20.000	4.000	5782.687	0.000	5555.556	5882.353	1.000	0.000	0.000
1328.000	51.000	50.000	1.000	4057.734	0.000	4000.000	4166.667	1.000	0.000	0.000
1332.000	64.000	63.000	1.000	4242.313	0.000	4166.667	4347.826	1.000	0.000	0.000
1336.000	16.000	15.000	1.000	4468.088	0.000	4347.826	4545.455	1.000	0.000	0.000
1340.000	96.000	95.000	1.000	4705.341	0.000	4545.455	4761.905	1.000	0.000	0.000
1344.000	14.000	13.000	1.000	5147.030	0.000	5000.000	5263.158	1.000	0.000	0.000
1348.000	43.000	42.000	1.000	5348.877	0.000	5263.158	5555.556	1.000	0.000	0.000
1352.000	34.000	32.000	2.000	5787.501	0.000	5555.556	5882.353	1.000	0.000	0.000
1356.000	141.000	140.000	2.000	4148.811	0.000	4000.000	4166.667	1.000	0.000	0.000
1360.000	31.000	30.000	1.000	4238.704	0.000	4166.667	4347.826	1.000	0.000	0.000
1364.000	143.000	136.000	8.000	4471.737	0.000	4347.826	4545.455	1.000	0.000	0.000
1368.000	4.000	3.000	1.000	4604.951	0.000	4545.455	4761.905	1.000	0.000	0.000
1372.000	37.000	36.000	1.000	4902.994	0.000	4761.905	5000.000	1.000	0.000	0.000
1376.000	149.000	146.000	3.000	5055.306	0.000	5000.000	5263.158	1.000	0.000	0.000
1380.000	52.000	48.000	4.000	5329.920	0.000	5263.158	5555.556	1.000	0.000	0.000
1384.000	31.000	30.000	1.000	5794.115	0.000	5555.556	5882.353	1.000	0.000	0.000
1388.000	78.000	77.000	1.000	4150.467	0.000	4000.000	4166.667	1.000	0.000	0.000
1392.000	47.000	45.000	2.000	4342.069	0.000	4166.667	4347.826	1.000	0.000	0.000
1396.000	70.000	69.000	1.000	4529.872	0.000	4347.826	4545.455	1.000	0.000	0.000
1400.000	29.000	28.000	1.000	4653.016	0.000	4545.455	4761.905	1.000	0.000	0.000
1404.000	66.000	64.000	2.000	4795.331	0.000	4761.905	5000.000	1.000	0.000	0.000
1412.000	13.000	8.000	5.000	5622.645	0.000	5555.556	5882.353	1.000	0.000	0.000
1416.000	2.000	1.000	1.000	4109.620	0.000	4000.000	4166.667	1.000	0.000	0.000
1420.000	493.000	492.000	4.000	4236.734	0.000	4166.667	4347.826	1.000	0.000	0.000
1424.000	57.000	56.000	1.000	4490.491	0.000	4347.826	4545.455	1.000	0.000	0.000
1428.000	40.000	38.000	2.000	4571.185	0.000	4545.455	4761.905	1.000	0.000	0.000
1432.000	95.000	94.000	1.000	4967.807	0.000	4761.905	5000.000	1.000	0.000	0.000
1436.000	27.000	26.000	1.000	5153.160	0.000	5000.000	5263.158	1.000	0.000	0.000
1440.000	4.000	2.000	2.000	5292.334	0.000	5263.158	5555.556	1.000	0.000	0.000
1444.000	4.000	2.000	2.000	5618.962	0.000	5555.556	5882.353	1.000	0.000	0.000
1448.000	693.000	691.000	6.000	4161.342	0.000	4000.000	4166.667	1.000	0.000	0.000
1452.000	51.000	50.000	1.000	4230.405	0.000	4166.667	4347.826	1.000	0.000	0.000
1456.000	302.000	300.000	3.000	4541.295	0.000	4347.826	4545.455	1.000	0.000	0.000
1460.000	80.000	79.000	1.000	4619.530	0.000	4545.455	4761.905	1.000	0.000	0.000
1464.000	2.000	1.000	1.000	4930.995	0.000	4761.905	5000.000	1.000	0.000	0.000
1468.000	3.000	2.000	1.000	5125.624	0.000	5000.000	5263.158	1.000	0.000	0.000
1472.000	13.000	10.000	3.000	5862.530	0.000	5555.556	5882.353	1.000	0.000	0.000
1476.000	133.000	132.000	2.000	4092.323	0.000	4000.000	4166.667	1.000	0.000	0.000
1480.000	135.000	133.000	3.000	4210.740	0.000	4166.667	4347.826	1.000	0.000	0.000
1484.000	20.000	19.000	1.000	4485.703	0.000	4347.826	4545.455	1.000	0.000	0.000
1488.000	64.000	63.000	1.000	4674.668	0.000	4545.455	4761.905	1.000	0.000	0.000
1492.000	271.000	269.000	3.000	4912.350	0.000	4761.905	5000.000	1.000	0.000	0.000
1496.000	4.000	2.000	2.000	5100.658	0.000	5000.000	5263.158	1.000	0.000	0.000
1500.000	6.000	5.000	1.000	5450.810	0.000	5263.158	5555.556	1.000	0.000	0.000
1504.000	16.000	15.000	1.000	5650.136	0.000	5555.556	5882.353	1.000	0.000	0.000
1508.000	212.000	210.000	2.000	4132.375	0.000	4000.000	4166.667	1.000	0.000	0.000
1512.000	163.000	162.000	2.000	4308.552	0.000	4166.667	4347.826	1.000	0.000	0.000
1516.000	82.000	81.000	1.000	4501.687	0.000	4347.826	4545.455	1.000	0.000	0.000
1520.000	25.000	24.000	1.000	4611.023	0.000	4545.455	4761.905	1.000	0.000	0.000
1524.000	23.000	22.000	1.000	4999.152	0.000	4761.905	5000.000	1.000	0.000	0.000
1528.000	42.000	41.000	1.000	5161.132	0.000	5000.000	5263.158	1.000	0.000	0.000
1532.000	64.000	61.000	3.000	5370.271	0.000	5263.158	5555.556	1.000	0.000	0.000
1536.000	68.000	67.000	1.000	4158.212	0.000	4000.000	4166.667	1.000	0.000	0.000
1540.000	162.000	159.000	3.000	4343.877	0.000	4166.667	4347.826	1.000	0.000	0.000
1544.000	10.000	7.000	3.000	4441.514	0.000	4347.826	4545.455	1.000	0.000	0.000
1548.000	84.000	83.000	1.000	4652.706	0.000	4545.455	4761.905	1.000	0.000	0.000
1552.000	33.000	30.000	3.000	4929.669	0.000	4761.905	5000.000	1.000	0.000	0.000
1556.000	14.000	13.000	1.000	5248.748	0.000	5000.000	5263.158	1.000	0.000	0.000
1560.000	9.000	6.000	3.000	5519.841	0.000	5263.158	5555.556	1.000	0.000	0.000
1564.000	19.000	18.000	1.000	5695.697	0.000	5555.556	5882.353	1.000	0.000	0.000
1568.000	45.000	44.000	1.000	4164.009	0.000	4000.000	4166.667	1.000	0.000	0.000
1572.000	6.000	5.000	1.000	4183.113	0.000	4166.667	4347.826	1.000	0.000	0.000
1576.000	136.000	135.000	2.000	4439.227	0.000	4347.826	4545.455	1.000	0.000	0.000
1580.000	32.000	31.000	1.000	4684.558	0.000	4545.455	4761.905	1.000	0.000	0.000
1584.000	10.000	9.000	1.000	4937.783	0.000	4761.905	5000.000	1.000	0.000	0.000
1588.000	83.000	82.000	1.000	5238.619	0.000	5000.000	5263.158	1.000	0.000	0.000
1592.000	435.000	432.000	5.000	5273.072	0.000	5263.158	5555.556	1.000	0.000	0.000
1596.000	5.000	4.000	1.000	5566.215	0.000	5555.556	5882.353	1.000	0.000	0.000
1600.000	2.000	1.000	1.000	4209.285	0.000	4166.667	4347.826	1.000	0.000	0.000
1604.000	66.000	65.000	1.000	4511.711	0.000	4347.826	4545.455	1.000	0.000	0.000
1608.000	248.000	246.000	3.000	4671.138	0.000	4545.455	4761.905	1.000	0.000	0.000
1612.000	35.000	34.000	1.000	4903.850	0.000	4761.905	5000.000	1.000	0.000	0.000
1616.000	95.000	93.000	2.000	5175.097	0.000	5000.000	5263.158	1.000	0.000	0.000
1620.000	131.000	126.000	5.000	5450.862	0.000	5263.158	5555.556	1.000	0.000	0.000
1624.000	3.000	2.000	1.000	5606.580	0.000	5555.556	5882.353	1.000	0.000	0.000
1628.000	273.000	272.000	3.000	4093.204	0.000	4000.000	4166.667	1.000	0.000	0.000
1632.000	170.000	169.000	2.000	4274.299	0.000	4166.667	4347.826	1.000	0.000	0.000
1636.000	91.000	89.000	2.000	4407.315	0.000	4347.826	4545.455	1.000	0.000	0.000
1640.000	105.000	104.000	1.000	4664.045	0.000	4545.455	4761.905	1.000	0.000	0.000
1644.000	64.000	62.000	2.000	4778.548	0.000	4761.905	5000.000	1.000	0.000	0.000
1648.000	39.000	38.000	1.000	5235.879	0.000	5000.000	5263.158	1.000	0.000	0.000
1652.000	4.000	3.000	1.000	5384.667	0.000	5263.158	5555.556	1.000	0.000	0.000
1664.000	367.000	366.000	3.000	4437.214	0.000	4347.826	4545.455	1.000	0.000	0.000
1668.000	17.000	16.000	1.000	4697.979	0.000	4545.455	4761.905	1.000	0.000	0.000
1672.000	5.000	4.000	1.000	4977.505	0.000	4761.905	5000.000	1.000	0.000	0.000
1676.000	4.000	2.000	2.000	5083.736	0.000	5000.000	5263.158	1.000	0.000	0.000
1680.000	7.000	6.000	1.000	5433.659	0.000	5263.158	5555.556	1.000	0.000	0.000
1684.000	52.000	50.000	2.000	5701.599	0.000	5555.556	5882.353	1.000	0.000	0.000
1688.000	50.000	49.000	1.000	4122.232	0.000	4000.000	4166.667	1.000	0.000	0.000
1692.000	38.000	37.000	1.000	4313.744	0.000	4166.667	4347.826	1.000	0.000	0.000
1696.000	26.000	25.000	1.000	4529.848	0.000	4347.826	4545.455	1.000	0.000	0.000
1700.000	34.000	33.000	1.000	4568.625	0.000	4545.455	4761.905	1.000	0.000	0.000
1704.000	167.000	162.000	5.000	4963.015	0.000	4761.905	5000.000	1.000	0.000	0.000
1708.000	5.000	3.000	2.000	5031.288	0.000	5000.000	5263.158	1.000	0.000	0.000
1712.000	82.000	80.000	2.000	5479.917	0.000	5263.158	5555.556	1.000	0.000	0.000
1716.000	34.000	20.000	14.000	5847.569	0.000	5555.556	5882.353	1.000	0.000	0.000
1720.000	51.000	50.000	1.000	4099.708	0.000	4000.000	4166.667	1.000	0.000	0.000
1724.000	266.000	265.000	3.000	4337.478	0.000	4166.667	4347.826	1.000	0.000	0.000
1728.000	35.000	34.000	1.000	4653.159	0.000	4545.455	4761.905	1.000	0.000	0.000
1732.000	3.000	2.000	1.000	4929.230	0.000	4761.905	5000.000	1.000	0.000	0.000
1736.000	7.000	5.000	2.000	5097.173	0.000	5000.000	5263.158	1.000	0.000	0.000
1740.000	18.000	17.000	1.000	5531.658	0.000	5263.158	5555.556	1.000	0.000	0.000
1744.000	91.000	88.000	3.000	5559.462	0.000	5555.556	5882.353	1.000	0.000	0.000
1748.000	209.000	208.000	2.000	4012.285	0.000	4000.000	4166.667	1.000	0.000	0.000
1752.000	85.000	83.000	2.000	4320.556	0.000	4166.667	4347.826	1.000	0.000	0.000
1756.000	130.000	129.000	2.000	4518.723	0.000	4347.826	4545.455	1.000	0.000	0.000
1760.000	45.000	44.000	1.000	4590.228	0.000	4545.455	4761.905	1.000	0.000	0.000
1764.000	7.000	5.000	2.000	4946.879	0.000	4761.905	5000.000	1.000	0.000	0.000
1768.000	10.000	5.000	5.000	5257.289	0.000	5000.000	5263.158	1.000	0.000	0.000
1772.000	4.000	3.000	1.000	5348.368	0.000	5263.158	5555.556	1.000	0.000	0.000
1776.000	38.000	36.000	2.000	5599.693	0.000	5555.556	5882.353	1.000	0.000	0.000
1780.000	11.000	10.000	1.000	4122.295	0.000	4000.000	4166.667	1.000	0.000	0.000
1784.000	39.000	38.000	1.000	4330.698	0.000	4166.667	4347.826	1.000	0.000	0.000
1792.000	147.000	146.000	2.000	4977.818	0.000	4761.905	5000.000	1.000	0.000	0.000
1796.000	152.000	150.000	2.000	5147.578	0.000	5000.000	5263.158	1.000	0.000	0.000
1800.000	663.000	658.000	10.000	5532.528	0.000	5263.158	5555.556	1.000	0.000	0.000
1804.000	139.000	135.000	4.000	5734.945	0.000	5555.556	5882.353	1.000	0.000	0.000
1808.000	86.000	84.000	2.000	4152.506	0.000	4000.000	4166.667	1.000	0.000	0.000
1812.000	273.000	268.000	5.000	4334.255	0.000	4166.667	4347.826	1.000	0.000	0.000
1816.000	128.000	127.000	1.000	4360.278	0.000	4347.826	4545.455	1.000	0.000	0.000
1820.000	22.000	21.000	1.000	4706.117	0.000	4545.455	4761.905	1.000	0.000	0.000
1824.000	138.000	137.000	2.000	4948.756	0.000	4761.905	5000.000	1.000	0.000	0.000
1828.000	81.000	79.000	2.000	5205.454	0.000	5000.000	5263.158	1.000	0.000	0.000
1832.000	41.000	39.000	2.000	5365.150	0.000	5263.158	5555.556	1.000	0.000	0.000
1836.000	10.000	6.000	4.000	5861.445	0.000	5555.556	5882.353	1.000	0.000	0.000
1840.000	135.000	134.000	2.000	4098.251	0.000	4000.000	4166.667	1.000	0.000	0.000
1844.000	347.000	346.000	3.000	4346.984	0.000	4166.667	4347.826	1.000	0.000	0.000
1848.000	18.000	17.000	1.000	4541.982	0.000	4347.826	4545.455	1.000	0.000	0.000
1852.000	76.000	74.000	2.000	4580.148	0.000	4545.455	4761.905	1.000	0.000	0.000
1856.000	17.000	15.000	2.000	5168.132	0.000	5000.000	5263.158	1.000	0.000	0.000
1860.000	30.000	24.000	6.000	5385.800	0.000	5263.158	5555.556	1.000	0.000	0.000
1864.000	299.000	293.000	6.000	5676.852	0.000	5555.556	5882.353	1.000	0.000	0.000
1868.000	53.000	52.000	1.000	4132.875	0.000	4000.000	4166.667	1.000	0.000	0.000
1872.000	151.000	150.000	2.000	4231.664	0.000	4166.667	4347.826	1.000	0.000	0.000
1876.000	648.000	646.000	6.000	4466.799	0.000	4347.826	4545.455	1.000	0.000	0.000
1880.000	109.000	108.000	1.000	4759.956	0.000	4545.455	4761.905	1.000	0.000	0.000
1884.000	18.000	15.000	3.000	4993.912	0.000	4761.905	5000.000	1.000	0.000	0.000
1888.000	82.000	80.000	2.000	5005.482	0.000	5000.000	5263.158	1.000	0.000	0.000
1892.000	2.000	1.000	1.000	5539.233	0.000	5263.158	5555.556	1.000	0.000	0.000
1896.000	32.000	28.000	4.000	5557.227	0.000	5555.556	5882.353	1.000	0.000	0.000
1900.000	149.000	148.000	2.000	4083.988	0.000	4000.000	4166.667	1.000	0.000	0.000
1904.000	145.000	139.000	7.000	4189.689	0.000	4166.667	4347.826	1.000	0.000	0.000
1908.000	31.000	30.000	1.000	4369.232	0.000	4347.826	4545.455	1.000	0.000	0.000
1912.000	131.000	130.000	2.000	4685.907	0.000	4545.455	4761.905	1.000	0.000	0.000
1916.000	82.000	81.000	1.000	4935.453	0.000	4761.905	5000.000	1.000	0.000	0.000
1920.000	80.000	79.000	1.000	5552.461	0.000	5263.158	5555.556	1.000	0.000	0.000
1924.000	15.000	11.000	4.000	5769.382	0.000	5555.556	5882.353	1.000	0.000	0.000
1928.000	427.000	426.000	4.000	4110.774	0.000	4000.000	4166.667	1.000	0.000	0.000
1932.000	11.000	10.000	1.000	4246.596	0.000	4166.667	4347.826	1.000	0.000	0.000
1936.000	3.000	2.000	1.000	4408.057	0.000	4347.826	4545.455	1.000	0.000	0.000
1940.000	19.000	18.000	1.000	4743.264	0.000	4545.455	4761.905	1.000	0.000	0.000
1944.000	3.000	2.000	1.000	4890.389	0.000	4761.905	5000.000	1.000	0.000	0.000
1948.000	8.000	5.000	3.000	5211.179	0.000	5000.000	5263.158	1.000	0.000	0.000
1952.000	23.000	21.000	2.000	5538.625	0.000	5263.158	5555.556	1.000	0.000	0.000
1956.000	26.000	24.000	2.000	5725.574	0.000	5555.556	5882.353	1.000	0.000	0.000
1960.000	42.000	41.000	1.000	4165.677	0.000	4000.000	4166.667	1.000	0.000	0.000
1964.000	137.000	136.000	2.000	4330.128	0.000	4166.667	4347.826	1.000	0.000	0.000
1968.000	68.000	66.000	2.000	4532.849	0.000	4347.826	4545.455	1.000	0.000	0.000
1972.000	91.000	90.000	1.000	4586.976	0.000	4545.455	4761.905	1.000	0.000	0.000
1976.000	6.000	5.000	1.000	4920.629	0.000	4761.905	5000.000	1.000	0.000	0.000
1980.000	2.000	1.000	1.000	5162.203	0.000	5000.000	5263.158	1.000	0.000	0.000
1984.000	5.000	3.000	2.000	5690.300	0.000	5555.556	5882.353	1.000	0.000	0.000
1988.000	27.000	26.000	1.000	4080.706	0.000	4000.000	4166.667	1.000	0.000	0.000
1992.000	31.000	30.000	1.000	4189.548	0.000	4166.667	4347.826	1.000	0.000	0.000
1996.000	10.000	9.000	1.000	4444.342	0.000	4347.826	4545.455	1.000	0.000	0.000
2000.000	14.000	13.000	1.000	4580.949	0.000	4545.455	4761.905	1.000	0.000	0.000
2008.000	58.000	56.000	2.000	5232.339	0.000	5000.000	5263.158	1.000	0.000	0.000
2012.000	20.000	0.000	20.000	3061.532	0.000	5263.158	5555.556	0.000	0.000	0.000
2016.000	6.000	3.000	3.000	5730.784	0.000	5555.556	5882.353	1.000	0.000	0.000
2020.000	57.000	56.000	1.000	4075.864	0.000	4000.000	4166.667	1.000	0.000	0.000
2024.000	57.000	56.000	1.000	4321.478	0.000	4166.667	4347.826	1.000	0.000	0.000
2028.000	139.000	135.000	5.000	4520.195	0.000	4347.826	4545.455	1.000	0.000	0.000
2032.000	174.000	173.000	2.000	4724.143	0.000	4545.455	4761.905	1.000	0.000	0.000
2036.000	45.000	44.000	1.000	4820.565	0.000	4761.905	5000.000	1.000	0.000	0.000
2040.000	97.000	95.000	2.000	5261.069	0.000	5000.000	5263.158	1.000	0.000	0.000
2044.000	28.000	27.000	1.000	5386.099	0.000	5263.158	5555.556	1.000	0.000	0.000
2048.000	28.000	27.000	1.000	6109.017	0.000	5882.353	6250.000	1.000	0.000	0.000
2052.000	141.000	139.000	2.000	6493.500	0.000	6250.000	6666.667	1.000	0.000	0.000
2056.000	41.000	40.000	1.000	7027.943	0.000	6666.667	7142.857	1.000	0.000	0.000
2060.000	36.000	35.000	1.000	7552.894	0.000	7142.857	7692.308	1.000	0.000	0.000
2064.000	194.000	191.000	3.000	7695.798	0.000	7692.308	8333.333	1.000	0.000	0.000
2068.000	53.000	52.000	1.000	8947.287	0.000	8333.333	9090.909	1.000	0.000	0.000
2072.000	22.000	21.000	1.000	9235.423	0.000	9090.909	10000.000	1.000	0.000	0.000
2076.000	23.000	22.000	1.000	10068.873	0.000	10000.000	11111.111	1.000	0.000	0.000
2080.000	63.000	62.000	1.000	5937.323	0.000	5882.353	6250.000	1.000	0.000	0.000
2084.000	31.000	30.000	1.000	6290.300	0.000	6250.000	6666.667	1.000	0.000	0.000
2088.000	49.000	48.000	1.000	6992.191	0.000	6666.667	7142.857	1.000	0.000	0.000
2092.000	143.000	141.000	2.000	7373.834	0.000	7142.857	7692.308	1.000	0.000	0.000
2096.000	72.000	70.000	2.000	7914.263	0.000	7692.308	8333.333	1.000	0.000	0.000
2100.000	237.000	231.000	6.000	8573.493	0.000	8333.333	9090.909	1.000	0.000	0.000
2104.000	105.000	103.000	2.000	9714.948	0.000	9090.909	10000.000	1.000	0.000	0.000
2108.000	21.000	20.000	1.000	10667.872	0.000	10000.000	11111.111	1.000	0.000	0.000
2112.000	112.000	110.000	2.000	6604.516	0.000	6250.000	6666.667	1.000	0.000	0.000
2116.000	80.000	79.000	1.000	7137.880	0.000	6666.667	7142.857	1.000	0.000	0.000
2120.000	47.000	46.000	1.000	7233.841	0.000	7142.857	7692.308	1.000	0.000	0.000
2124.000	96.000	94.000	2.000	8315.203	0.000	7692.308	8333.333	1.000	0.000	0.000
2128.000	19.000	18.000	1.000	8743.829	0.000	8333.333	9090.909	1.000	0.000	0.000
2132.000	32.000	31.000	1.000	9532.731	0.000	9090.909	10000.000	1.000	0.000	0.000
2136.000	69.000	66.000	3.000	10996.704	0.000	10000.000	11111.111	1.000	0.000	0.000
2140.000	75.000	74.000	1.000	5947.390	0.000	5882.353	6250.000	1.000	0.000	0.000
2144.000	121.000	119.000	2.000	6634.609	0.000	6250.000	6666.667	1.000	0.000	0.000
2148.000	59.000	57.000	2.000	6827.601	0.000	6666.667	7142.857	1.000	0.000	0.000
2152.000	131.000	129.000	2.000	7235.674	0.000	7142.857	7692.308	1.000	0.000	0.000
2156.000	25.000	24.000	1.000	8257.755	0.000	7692.308	8333.333	1.000	0.000	0.000
2160.000	57.000	55.000	2.000	8918.146	0.000	8333.333	9090.909	1.000	0.000	0.000
2164.000	26.000	25.000	1.000	9629.082	0.000	9090.909	10000.000	1.000	0.000	0.000
2168.000	45.000	44.000	1.000	10022.255	0.000	10000.000	11111.111	1.000	0.000	0.000
2172.000	52.000	51.000	1.000	5889.643	0.000	5882.353	6250.000	1.000	0.000	0.000
2176.000	3420.000	3420.000	20.000	23560.127	0.000	6666.667	7142.857	0.000	0.000	0.000
2180.000	105.000	103.000	2.000	7380.256	0.000	7142.857	7692.308	1.000	0.000	0.000
2184.000	104.000	102.000	2.000	8205.211	0.000	7692.308	8333.333	1.000	0.000	0.000
2188.000	26.000	25.000	1.000	8799.253	0.000	8333.333	9090.909	1.000	0.000	0.000
2192.000	80.000	78.000	2.000	9758.170	0.000	9090.909	10000.000	1.000	0.000	0.000
2196.000	35.000	34.000	1.000	10471.301	0.000	10000.000	11111.111	1.000	0.000	0.000
2200.000	63.000	61.000	2.000	5982.193	0.000	5882.353	6250.000	1.000	0.000	0.000
2204.000	94.000	92.000	2.000	6525.741	0.000	6250.000	6666.667	1.000	0.000	0.000
2208.000	51.000	50.000	1.000	6886.186	0.000	6666.667	7142.857	1.000	0.000	0.000
2212.000	3420.000	3420.000	20.000	12621.402	0.000	7142.857	7692.308	0.000	0.000	0.000
2216.000	120.000	118.000	2.000	8168.130	0.000	7692.308	8333.333	1.000	0.000	0.000
2220.000	61.000	59.000	2.000	8807.330	0.000	8333.333	9090.909	1.000	0.000	0.000
2224.000	25.000	24.000	1.000	9670.737	0.000	9090.909	10000.000	1.000	0.000	0.000
2228.000	163.000	159.000	4.000	11099.843	0.000	10000.000	11111.111	1.000	0.000	0.000
2232.000	182.000	179.000	3.000	6237.780	0.000	5882.353	6250.000	1.000	0.000	0.000
2236.000	26.000	25.000	1.000	6577.227	0.000	6250.000	6666.667	1.000	0.000	0.000
2240.000	43.000	42.000	1.000	7481.525	0.000	7142.857	7692.308	1.000	0.000	0.000
2244.000	3420.000	3420.000	20.000	272660.368	0.000	7692.308	8333.333	0.000	0.000	0.000
2248.000	60.000	58.000	2.000	8934.595	0.000	8333.333	9090.909	1.000	0.000	0.000
2252.000	45.000	43.000	2.000	9380.913	0.000	9090.909	10000.000	1.000	0.000	0.000
2256.000	45.000	43.000	2.000	10896.420	0.000	10000.000	11111.111	1.000	0.000	0.000
2260.000	37.000	36.000	1.000	6014.537	0.000	5882.353	6250.000	1.000	0.000	0.000
2264.000	216.000	209.000	7.000	6479.041	0.000	6250.000	6666.667	1.000	0.000	0.000
2268.000	30.000	29.000	1.000	7033.350	0.000	6666.667	7142.857	1.000	0.000	0.000
2272.000	39.000	38.000	1.000	7217.307	0.000	7142.857	7692.308	1.000	0.000	0.000
2276.000	515.000	499.000	16.000	7865.027	0.000	7692.308	8333.333	1.000	0.000	0.000
2280.000	47.000	45.000	2.000	8600.612	0.000	8333.333	9090.909	1.000	0.000	0.000
2284.000	29.000	28.000	1.000	9895.459	0.000	9090.909	10000.000	1.000	0.000	0.000
2288.000	30.000	29.000	1.000	10484.414	0.000	10000.000	11111.111	1.000	0.000	0.000
2292.000	38.000	37.000	1.000	6017.478	0.000	5882.353	6250.000	1.000	0.000	0.000
2296.000	61.000	60.000	1.000	6408.292	0.000	6250.000	6666.667	1.000	0.000	0.000
2300.000	53.000	52.000	1.000	6935.426	0.000	6666.667	7142.857	1.000	0.000	0.000
2308.000	50.000	48.000	2.000	8811.675	0.000	8333.333	9090.909	1.000	0.000	0.000
2312.000	28.000	27.000	1.000	9882.263	0.000	9090.909	10000.000	1.000	0.000	0.000
2316.000	21.000	20.000	1.000	10884.807	0.000	10000.000	11111.111	1.000	0.000	0.000
2320.000	126.000	124.000	2.000	6191.562	0.000	5882.353	6250.000	1.000	0.000	0.000
2324.000	126.000	123.000	3.000	6321.146	0.000	6250.000	6666.667	1.000	0.000	0.000
2332.000	144.000	141.000	3.000	7399.070	0.000	7142.857	7692.308	1.000	0.000	0.000
2336.000	97.000	94.000	3.000	8028.149	0.000	7692.308	8333.333	1.000	0.000	0.000
2340.000	390.000	383.000	7.000	8784.339	0.000	8333.333	9090.909	1.000	0.000	0.000
2344.000	15.000	14.000	1.000	9190.364	0.000	9090.909	10000.000	1.000	0.000	0.000
2348.000	2.000	0.000	2.000	10068.466	0.000	10000.000	11111.111	1.000	0.000	0.000
2352.000	172.000	169.000	3.000	6232.065	0.000	5882.353	6250.000	1.000	0.000	0.000
2356.000	68.000	67.000	1.000	6535.758	0.000	6250.000	6666.667	1.000	0.000	0.000
2360.000	152.000	149.000	3.000	7080.189	0.000	6666.667	7142.857	1.000	0.000	0.000
2364.000	28.000	27.000	1.000	7451.482	0.000	7142.857	7692.308	1.000	0.000	0.000
2368.000	30.000	29.000	1.000	8499.326	0.000	8333.333	9090.909	1.000	0.000	0.000
2372.000	24.000	23.000	1.000	9888.604	0.000	9090.909	10000.000	1.000	0.000	0.000
2376.000	201.000	194.000	7.000	10910.517	0.000	10000.000	11111.111	1.000	0.000	0.000
2380.000	27.000	26.000	1.000	5932.459	0.000	5882.353	6250.000	1.000	0.000	0.000
2384.000	47.000	46.000	1.000	6583.369	0.000	6250.000	6666.667	1.000	0.000	0.000
2388.000	42.000	41.000	1.000	6862.470	0.000	6666.667	7142.857	1.000	0.000	0.000
2392.000	116.000	113.000	3.000	7173.176	0.000	7142.857	7692.308	1.000	0.000	0.000
2396.000	31.000	29.000	2.000	7979.683	0.000	7692.308	8333.333	1.000	0.000	0.000
2400.000	464.000	454.000	10.000	8741.941	0.000	8333.333	9090.909	1.000	0.000	0.000
2404.000	137.000	133.000	4.000	9775.726	0.000	9090.909	10000.000	1.000	0.000	0.000
2408.000	20.000	19.000	1.000	10863.351	0.000	10000.000	11111.111	1.000	0.000	0.000
2412.000	99.000	97.000	2.000	6079.278	0.000	5882.353	6250.000	1.000	0.000	0.000
2416.000	69.000	67.000	2.000	6533.134	0.000	6250.000	6666.667	1.000	0.000	0.000
2420.000	82.000	80.000	2.000	6781.142	0.000	6666.667	7142.857	1.000	0.000	0.000
2424.000	71.000	70.000	1.000	7685.100	0.000	7142.857	7692.308	1.000	0.000	0.000
2428.000	27.000	26.000	1.000	8055.071	0.000	7692.308	8333.333	1.000	0.000	0.000
2432.000	44.000	43.000	1.000	9270.106	0.000	9090.909	10000.000	1.000	0.000	0.000
2436.000	26.000	25.000	1.000	10765.939	0.000	10000.000	11111.111	1.000	0.000	0.000
2440.000	102.000	100.000	2.000	5959.276	0.000	5882.353	6250.000	1.000	0.000	0.000
2444.000	102.000	100.000	2.000	6440.821	0.000	6250.000	6666.667	1.000	0.000	0.000
2448.000	102.000	99.000	3.000	6781.367	0.000	6666.667	7142.857	1.000	0.000	0.000
2452.000	107.000	105.000	2.000	7312.466	0.000	7142.857	7692.308	1.000	0.000	0.000
2456.000	107.000	105.000	2.000	7736.293	0.000	7692.308	8333.333	1.000	0.000	0.000
2460.000	28.000	27.000	1.000	8445.536	0.000	8333.333	9090.909	1.000	0.000	0.000
2464.000	154.000	150.000	4.000	9276.748	0.000	9090.909	10000.000	1.000	0.000	0.000
2468.000	119.000	115.000	4.000	10111.258	0.000	10000.000	11111.111	1.000	0.000	0.000
2472.000	34.000	33.000	1.000	6160.264	0.000	5882.353	6250.000	1.000	0.000	0.000
2476.000	99.000	97.000	2.000	6330.349	0.000	6250.000	6666.667	1.000	0.000	0.000
2480.000	145.000	142.000	3.000	7129.668	0.000	6666.667	7142.857	1.000	0.000	0.000
2484.000	56.000	55.000	1.000	7295.021	0.000	7142.857	7692.308	1.000	0.000	0.000
2488.000	24.000	23.000	1.000	8186.619	0.000	7692.308	8333.333	1.000	0.000	0.000
2492.000	23.000	22.000	1.000	8488.161	0.000	8333.333	9090.909	1.000	0.000	0.000
2496.000	23.000	22.000	1.000	10433.753	0.000	10000.000	11111.111	1.000	0.000	0.000
2500.000	63.000	61.000	2.000	6204.809	0.000	5882.353	6250.000	1.000	0.000	0.000
2504.000	32.000	31.000	1.000	6290.913	0.000	6250.000	6666.667	1.000	0.000	0.000
2508.000	40.000	39.000	1.000	6979.622	0.000	6666.667	7142.857	1.000	0.000	0.000
2512.000	74.000	73.000	1.000	7307.219	0.000	7142.857	7692.308	1.000	0.000	0.000
2516.000	55.000	54.000	1.000	8318.003	0.000	7692.308	8333.333	1.000	0.000	0.000
2520.000	26.000	25.000	1.000	8461.395	0.000	8333.333	9090.909	1.000	0.000	0.000
2524.000	42.000	40.000	2.000	9659.419	0.000	9090.909	10000.000	1.000	0.000	0.000
2528.000	111.000	108.000	3.000	10757.061	0.000	10000.000	11111.111	1.000	0.000	0.000
2532.000	364.000	357.000	7.000	5883.137	0.000	5882.353	6250.000	1.000	0.000	0.000
2540.000	91.000	89.000	2.000	6809.301	0.000	6666.667	7142.857	1.000	0.000	0.000
2544.000	25.000	24.000	1.000	7405.788	0.000	7142.857	7692.308	1.000	0.000	0.000
2548.000	32.000	31.000	1.000	7906.232	0.000	7692.308	8333.333	1.000	0.000	0.000
2552.000	22.000	21.000	1.000	8509.272	0.000	8333.333	9090.909	1.000	0.000	0.000
2556.000	63.000	61.000	2.000	9698.392	0.000	9090.909	10000.000	1.000	0.000	0.000
2572.000	39.000	38.000	1.000	7684.642	0.000	7142.857	7692.308	1.000	0.000	0.000
2576.000	55.000	54.000	1.000	7757.953	0.000	7692.308	8333.333	1.000	0.000	0.000
2580.000	40.000	39.000	1.000	8597.067	0.000	8333.333	9090.909	1.000	0.000	0.000
2584.000	68.000	66.000	2.000	9721.266	0.000	9090.909	10000.000	1.000	0.000	0.000
2588.000	127.000	124.000	3.000	10769.168	0.000	10000.000	11111.111	1.000	0.000	0.000
2592.000	109.000	107.000	2.000	6137.328	0.000	5882.353	6250.000	1.000	0.000	0.000
2596.000	72.000	70.000	2.000	6533.661	0.000	6250.000	6666.667	1.000	0.000	0.000
2600.000	168.000	165.000	3.000	6828.525	0.000	6666.667	7142.857	1.000	0.000	0.000
2604.000	30.000	29.000	1.000	7398.001	0.000	7142.857	7692.308	1.000	0.000	0.000
2608.000	151.000	147.000	4.000	7813.226	0.000	7692.308	8333.333	1.000	0.000	0.000
2612.000	23.000	22.000	1.000	8640.619	0.000	8333.333	9090.909	1.000	0.000	0.000
2616.000	27.000	26.000	1.000	9404.927	0.000	9090.909	10000.000	1.000	0.000	0.000
2620.000	42.000	41.000	1.000	10267.567	0.000	10000.000	11111.111	1.000	0.000	0.000
2624.000	166.000	163.000	3.000	6664.264	0.000	6250.000	6666.667	1.000	0.000	0.000
2628.000	20.000	0.000	20.000	2828.689	0.000	6666.667	7142.857	0.000	0.000	0.000
2632.000	27.000	26.000	1.000	7489.521	0.000	7142.857	7692.308	1.000	0.000	0.000
2636.000	27.000	26.000	1.000	8056.580	0.000	7692.308	8333.333	1.000	0.000	0.000
2640.000	118.000	116.000	2.000	8621.753	0.000	8333.333	9090.909	1.000	0.000	0.000
2644.000	81.000	78.000	3.000	9483.311	0.000	9090.909	10000.000	1.000	0.000	0.000
2648.000	28.000	27.000	1.000	10045.843	0.000	10000.000	11111.111	1.000	0.000	0.000
2652.000	47.000	46.000	1.000	6242.789	0.000	5882.353	6250.000	1.000	0.000	0.000
2656.000	31.000	30.000	1.000	6287.155	0.000	6250.000	6666.667	1.000	0.000	0.000
2660.000	155.000	152.000	3.000	6734.595	0.000	6666.667	7142.857	1.000	0.000	0.000
2664.000	27.000	26.000	1.000	7287.420	0.000	7142.857	7692.308	1.000	0.000	0.000
2676.000	20.000	19.000	1.000	9799.987	0.000	9090.909	10000.000	1.000	0.000	0.000
2680.000	22.000	21.000	1.000	10891.172	0.000	10000.000	11111.111	1.000	0.000	0.000
2684.000	52.000	51.000	1.000	6216.016	0.000	5882.353	6250.000	1.000	0.000	0.000
2688.000	41.000	40.000	1.000	7105.277	0.000	6666.667	7142.857	1.000	0.000	0.000
2692.000	108.000	105.000	3.000	7430.276	0.000	7142.857	7692.308	1.000	0.000	0.000
2696.000	43.000	42.000	1.000	8061.671	0.000	7692.308	8333.333	1.000	0.000	0.000
2700.000	55.000	54.000	1.000	8446.703	0.000	8333.333	9090.909	1.000	0.000	0.000
2704.000	26.000	25.000	1.000	9844.166	0.000	9090.909	10000.000	1.000	0.000	0.000
2708.000	22.000	21.000	1.000	10016.260	0.000	10000.000	11111.111	1.000	0.000	0.000
2712.000	9.000	6.000	3.000	6099.741	0.000	5882.353	6250.000	1.000	0.000	0.000
2716.000	55.000	54.000	1.000	6302.000	0.000	6250.000	6666.667	1.000	0.000	0.000
2720.000	62.000	61.000	1.000	6710.513	0.000	6666.667	7142.857	1.000	0.000	0.000
2724.000	46.000	45.000	1.000	7154.110	0.000	7142.857	7692.308	1.000	0.000	0.000
2728.000	39.000	38.000	1.000	7862.772	0.000	7692.308	8333.333	1.000	0.000	0.000
2732.000	21.000	20.000	1.000	8984.122	0.000	8333.333	9090.909	1.000	0.000	0.000
2736.000	82.000	79.000	3.000	9760.686	0.000	9090.909	10000.000	1.000	0.000	0.000
2740.000	48.000	47.000	1.000	10353.239	0.000	10000.000	11111.111	1.000	0.000	0.000
2744.000	43.000	42.000	1.000	6207.740	0.000	5882.353	6250.000	1.000	0.000	0.000
2752.000	25.000	24.000	1.000	7601.937	0.000	7142.857	7692.308	1.000	0.000	0.000
2756.000	36.000	35.000	1.000	8313.457	0.000	7692.308	8333.333	1.000	0.000	0.000
2760.000	85.000	83.000	2.000	8594.140	0.000	8333.333	9090.909	1.000	0.000	0.000
2764.000	57.000	55.000	2.000	9835.603	0.000	9090.909	10000.000	1.000	0.000	0.000
2768.000	39.000	38.000	1.000	10740.641	0.000	10000.000	11111.111	1.000	0.000	0.000
2772.000	49.000	48.000	1.000	6230.861	0.000	5882.353	6250.000	1.000	0.000	0.000
2776.000	160.000	157.000	3.000	6581.453	0.000	6250.000	6666.667	1.000	0.000	0.000
2780.000	44.000	43.000	1.000	6930.927	0.000	6666.667	7142.857	1.000	0.000	0.000
2784.000	33.000	32.000	1.000	7527.966	0.000	7142.857	7692.308	1.000	0.000	0.000
2788.000	182.000	178.000	4.000	8300.064	0.000	7692.308	8333.333	1.000	0.000	0.000
2792.000	69.000	67.000	2.000	9016.916	0.000	8333.333	9090.909	1.000	0.000	0.000
2796.000	98.000	96.000	2.000	9820.656	0.000	9090.909	10000.000	1.000	0.000	0.000
2800.000	42.000	40.000	2.000	10459.352	0.000	10000.000	11111.111	1.000	0.000	0.000
2804.000	260.000	257.000	3.000	5896.493	0.000	5882.353	6250.000	1.000	0.000	0.000
2808.000	32.000	31.000	1.000	6261.351	0.000	6250.000	6666.667	1.000	0.000	0.000
2812.000	30.000	29.000	1.000	6695.587	0.000	6666.667	7142.857	1.000	0.000	0.000
2816.000	29.000	28.000	1.000	8014.884	0.000	7692.308	8333.333	1.000	0.000	0.000
2820.000	25.000	24.000	1.000	8802.233	0.000	8333.333	9090.909	1.000	0.000	0.000
2824.000	119.000	117.000	2.000	9507.567	0.000	9090.909	10000.000	1.000	0.000	0.000
2828.000	21.000	20.000	1.000	10431.816	0.000	10000.000	11111.111	1.000	0.000	0.000
2832.000	97.000	95.000	2.000	5903.459	0.000	5882.353	6250.000	1.000	0.000	0.000
2836.000	79.000	78.000	1.000	6534.188	0.000	6250.000	6666.667	1.000	0.000	0.000
2840.000	29.000	28.000	1.000	7098.601	0.000	6666.667	7142.857	1.000	0.000	0.000
2844.000	24.000	23.000	1.000	7691.396	0.000	7142.857	7692.308	1.000	0.000	0.000
2848.000	54.000	52.000	2.000	8240.348	0.000	7692.308	8333.333	1.000	0.000	0.000
2852.000	24.000	23.000	1.000	8548.284	0.000	8333.333	9090.909	1.000	0.000	0.000
2856.000	29.000	28.000	1.000	9924.078	0.000	9090.909	10000.000	1.000	0.000	0.000
2860.000	81.000	79.000	2.000	10685.775	0.000	10000.000	11111.111	1.000	0.000	0.000
2864.000	43.000	42.000	1.000	6090.376	0.000	5882.353	6250.000	1.000	0.000	0.000
2868.000	79.000	78.000	1.000	6375.599	0.000	6250.000	6666.667	1.000	0.000	0.000
2872.000	47.000	46.000	1.000	7058.894	0.000	6666.667	7142.857	1.000	0.000	0.000
2876.000	53.000	51.000	2.000	7214.542	0.000	7142.857	7692.308	1.000	0.000	0.000
2884.000	21.000	20.000	1.000	9271.759	0.000	9090.909	10000.000	1.000	0.000	0.000
2888.000	6.000	1.000	5.000	10835.571	0.000	10000.000	11111.111	1.000	0.000	0.000
2892.000	36.000	35.000	1.000	6065.198	0.000	5882.353	6250.000	1.000	0.000	0.000
2896.000	165.000	162.000	3.000	6655.986	0.000	6250.000	6666.667	1.000	0.000	0.000
2900.000	99.000	97.000	2.000	6889.524	0.000	6666.667	7142.857	1.000	0.000	0.000
2904.000	30.000	29.000	1.000	7458.024	0.000	7142.857	7692.308	1.000	0.000	0.000
2908.000	144.000	141.000	3.000	8050.677	0.000	7692.308	8333.333	1.000	0.000	0.000
2912.000	52.000	50.000	2.000	8426.737	0.000	8333.333	9090.909	1.000	0.000	0.000
2916.000	30.000	29.000	1.000	9541.845	0.000	9090.909	10000.000	1.000	0.000	0.000
2920.000	23.000	22.000	1.000	10193.882	0.000	10000.000	11111.111	1.000	0.000	0.000
2924.000	70.000	68.000	2.000	6172.218	0.000	5882.353	6250.000	1.000	0.000	0.000
2928.000	63.000	62.000	1.000	6548.846	0.000	6250.000	6666.667	1.000	0.000	0.000
2932.000	25.000	24.000	1.000	6825.741	0.000	6666.667	7142.857	1.000	0.000	0.000
2936.000	133.000	130.000	3.000	7628.143	0.000	7142.857	7692.308	1.000	0.000	0.000
2940.000	27.000	26.000	1.000	8278.246	0.000	7692.308	8333.333	1.000	0.000	0.000
2944.000	24.000	23.000	1.000	9166.395	0.000	9090.909	10000.000	1.000	0.000	0.000
2948.000	154.000	150.000	4.000	10946.831	0.000	10000.000	11111.111	1.000	0.000	0.000
2952.000	41.000	40.000	1.000	6090.919	0.000	5882.353	6250.000	1.000	0.000	0.000
2956.000	284.000	278.000	6.000	6626.165	0.000	6250.000	6666.667	1.000	0.000	0.000
2960.000	42.000	41.000	1.000	7099.831	0.000	6666.667	7142.857	1.000	0.000	0.000
2964.000	57.000	56.000	1.000	7655.960	0.000	7142.857	7692.308	1.000	0.000	0.000
2968.000	39.000	38.000	1.000	8265.398	0.000	7692.308	8333.333	1.000	0.000	0.000
2972.000	45.000	44.000	1.000	8615.846	0.000	8333.333	9090.909	1.000	0.000	0.000
2976.000	21.000	20.000	1.000	9852.185	0.000	9090.909	10000.000	1.000	0.000	0.000
2980.000	21.000	20.000	1.000	10955.784	0.000	10000.000	11111.111	1.000	0.000	0.000
2984.000	3420.000	3420.000	20.000	2512956.494	0.000	5882.353	6250.000	0.000	0.000	0.000
2988.000	69.000	68.000	1.000	6547.565	0.000	6250.000	6666.667	1.000	0.000	0.000
2992.000	3420.000	3420.000	20.000	8011.695	0.000	6666.667	7142.857	0.000	0.000	0.000
2996.000	49.000	48.000	1.000	7408.355	0.000	7142.857	7692.308	1.000	0.000	0.000
3000.000	47.000	45.000	2.000	8046.064	0.000	7692.308	8333.333	1.000	0.000	0.000
3004.000	29.000	28.000	1.000	8335.980	0.000	8333.333	9090.909	1.000	0.000	0.000
3008.000	34.000	33.000	1.000	10053.876	0.000	10000.000	11111.111	1.000	0.000	0.000
3016.000	81.000	80.000	1.000	6391.194	0.000	6250.000	6666.667	1.000	0.000	0.000
3020.000	91.000	89.000	2.000	6786.441	0.000	6666.667	7142.857	1.000	0.000	0.000
3024.000	97.000	95.000	2.000	7575.647	0.000	7142.857	7692.308	1.000	0.000	0.000
3028.000	53.000	51.000	2.000	7954.279	0.000	7692.308	8333.333	1.000	0.000	0.000
3032.000	24.000	23.000	1.000	8828.202	0.000	8333.333	9090.909	1.000	0.000	0.000
3036.000	208.000	203.000	5.000	9452.273	0.000	9090.909	10000.000	1.000	0.000	0.000
3040.000	49.000	47.000	2.000	10870.743	0.000	10000.000	11111.111	1.000	0.000	0.000
3044.000	162.000	158.000	4.000	5913.994	0.000	5882.353	6250.000	1.000	0.000	0.000
3048.000	35.000	34.000	1.000	6264.550	0.000	6250.000	6666.667	1.000	0.000	0.000
3052.000	25.000	24.000	1.000	6709.634	0.000	6666.667	7142.857	1.000	0.000	0.000
3056.000	44.000	43.000	1.000	7436.971	0.000	7142.857	7692.308	1.000	0.000	0.000
3060.000	27.000	26.000	1.000	8044.187	0.000	7692.308	8333.333	1.000	0.000	0.000
3064.000	32.000	31.000	1.000	8848.432	0.000	8333.333	9090.909	1.000	0.000	0.000
3068.000	26.000	25.000	1.000	9448.786	0.000	9090.909	10000.000	1.000	0.000	0.000
3072.000	57.000	55.000	2.000	12152.829	0.000	11111.111	12500.000	1.000	0.000	0.000
3076.000	27.000	26.000	1.000	12843.025	0.000	12500.000	14285.714	1.000	0.000	0.000
3080.000	18.000	17.000	1.000	15162.110	0.000	14285.714	16666.667	1.000	0.000	0.000
3084.000	18.000	17.000	1.000	16858.409	0.000	16666.667	20000.000	1.000	0.000	0.000
3088.000	55.000	52.000	3.000	20062.580	0.000	20000.000	25000.000	1.000	0.000	0.000
3092.000	35.000	33.000	2.000	31834.348	0.000	25000.000	33333.333	1.000	0.000	0.000
3096.000	1.000	0.000	1.000	37716.868	0.000	33333.333	50000.000	1.000	0.000	0.000
3100.000	20.000	0.000	20.000	25410.484	0.000	50000.000	100000.000	0.000	0.000	0.000
3104.000	64.000	61.000	3.000	12476.766	0.000	11111.111	12500.000	1.000	0.000	0.000
3108.000	17.000	16.000	1.000	13422.500	0.000	12500.000	14285.714	1.000	0.000	0.000
3112.000	29.000	28.000	1.000	14348.598	0.000	14285.714	16666.667	1.000	0.000	0.000
3116.000	27.000	26.000	1.000	17869.052	0.000	16666.667	20000.000	1.000	0.000	0.000
3120.000	26.000	25.000	1.000	24030.552	0.000	20000.000	25000.000	1.000	0.000	0.000
3124.000	18.000	17.000	1.000	31478.162	0.000	25000.000	33333.333	1.000	0.000	0.000
3128.000	10.000	9.000	1.000	47910.700	0.000	33333.333	50000.000	1.000	0.000	0.000
3132.000	25.000	23.000	2.000	65506.189	0.000	50000.000	100000.000	1.000	0.000	0.000
3136.000	36.000	35.000	1.000	14135.636	0.000	12500.000	14285.714	1.000	0.000	0.000
3140.000	21.000	20.000	1.000	15993.040	0.000	14285.714	16666.667	1.000	0.000	0.000
3144.000	80.000	78.000	2.000	16928.795	0.000	16666.667	20000.000	1.000	0.000	0.000
3148.000	15.000	14.000	1.000	20907.528	0.000	20000.000	25000.000	1.000	0.000	0.000
3152.000	1.000	0.000	1.000	32961.390	0.000	25000.000	33333.333	1.000	0.000	0.000
3156.000	17.000	16.000	1.000	43624.300	0.000	33333.333	50000.000	1.000	0.000	0.000
3160.000	1.000	0.000	1.000	72320.682	0.000	50000.000	100000.000	1.000	0.000	0.000
3164.000	101.000	98.000	3.000	11302.271	0.000	11111.111	12500.000	1.000	0.000	0.000
3168.000	41.000	40.000	1.000	12844.493	0.000	12500.000	14285.714	1.000	0.000	0.000
3172.000	41.000	40.000	1.000	15200.490	0.000	14285.714	16666.667	1.000	0.000	0.000
3176.000	21.000	20.000	1.000	17337.927	0.000	16666.667	20000.000	1.000	0.000	0.000
3180.000	17.000	16.000	1.000	24815.391	0.000	20000.000	25000.000	1.000	0.000	0.000
3184.000	1.000	0.000	1.000	31705.970	0.000	25000.000	33333.333	1.000	0.000	0.000
3188.000	17.000	16.000	1.000	33819.783	0.000	33333.333	50000.000	1.000	0.000	0.000
3192.000	14.000	13.000	1.000	80304.437	0.000	50000.000	100000.000	1.000	0.000	0.000
3196.000	50.000	48.000	2.000	11585.397	0.000	11111.111	12500.000	1.000	0.000	0.000
3200.000	21.000	20.000	1.000	15694.684	0.000	14285.714	16666.667	1.000	0.000	0.000
3204.000	37.000	35.000	2.000	19079.090	0.000	16666.667	20000.000	1.000	0.000	0.000
3208.000	46.000	44.000	2.000	20931.149	0.000	20000.000	25000.000	1.000	0.000	0.000
3212.000	38.000	37.000	1.000	31927.438	0.000	25000.000	33333.333	1.000	0.000	0.000
3216.000	13.000	12.000	1.000	36651.978	0.000	33333.333	50000.000	1.000	0.000	0.000
3220.000	3.000	0.000	3.000	57849.820	0.000	50000.000	100000.000	1.000	0.000	0.000
3224.000	24.000	23.000	1.000	12340.697	0.000	11111.111	12500.000	1.000	0.000	0.000
3228.000	20.000	19.000	1.000	12718.093	0.000	12500.000	14285.714	1.000	0.000	0.000
3232.000	21.000	19.000	2.000	15905.617	0.000	14285.714	16666.667	1.000	0.000	0.000
3236.000	59.000	57.000	2.000	17790.285	0.000	16666.667	20000.000	1.000	0.000	0.000
3240.000	34.000	32.000	2.000	21811.331	0.000	20000.000	25000.000	1.000	0.000	0.000
3244.000	30.000	29.000	1.000	26559.129	0.000	25000.000	33333.333	1.000	0.000	0.000
3248.000	14.000	13.000	1.000	44563.688	0.000	33333.333	50000.000	1.000	0.000	0.000
3252.000	22.000	20.000	2.000	90768.373	0.000	50000.000	100000.000	1.000	0.000	0.000
3256.000	52.000	50.000	2.000	12076.601	0.000	11111.111	12500.000	1.000	0.000	0.000
3260.000	24.000	23.000	1.000	13923.169	0.000	12500.000	14285.714	1.000	0.000	0.000
3264.000	19.000	18.000	1.000	19221.869	0.000	16666.667	20000.000	1.000	0.000	0.000
3268.000	30.000	29.000	1.000	20102.529	0.000	20000.000	25000.000	1.000	0.000	0.000
3272.000	255.000	241.000	14.000	25944.061	0.000	25000.000	33333.333	1.000	0.000	0.000
3276.000	14.000	13.000	1.000	44515.275	0.000	33333.333	50000.000	1.000	0.000	0.000
3280.000	16.000	15.000	1.000	96940.187	0.000	50000.000	100000.000	1.000	0.000	0.000
3284.000	45.000	43.000	2.000	11258.066	0.000	11111.111	12500.000	1.000	0.000	0.000
3288.000	39.000	37.000	2.000	12520.271	0.000	12500.000	14285.714	1.000	0.000	0.000
3292.000	24.000	23.000	1.000	14821.692	0.000	14285.714	16666.667	1.000	0.000	0.000
3296.000	19.000	18.000	1.000	19563.258	0.000	16666.667	20000.000	1.000	0.000	0.000
3300.000	20.000	19.000	1.000	21277.937	0.000	20000.000	25000.000	1.000	0.000	0.000
3304.000	31.000	29.000	2.000	25120.368	0.000	25000.000	33333.333	1.000	0.000	0.000
3308.000	20.000	19.000	1.000	40259.896	0.000	33333.333	50000.000	1.000	0.000	0.000
3312.000	1.000	0.000	1.000	58991.296	0.000	50000.000	100000.000	1.000	0.000	0.000
3316.000	57.000	55.000	2.000	11382.348	0.000	11111.111	12500.000	1.000	0.000	0.000
3320.000	31.000	30.000	1.000	13204.600	0.000	12500.000	14285.714	1.000	0.000	0.000
3324.000	20.000	19.000	1.000	14553.282	0.000	14285.714	16666.667	1.000	0.000	0.000
3328.000	26.000	25.000	1.000	23130.170	0.000	20000.000	25000.000	1.000	0.000	0.000
3332.000	16.000	15.000	1.000	28428.647	0.000	25000.000	33333.333	1.000	0.000	0.000
3336.000	108.000	105.000	3.000	37186.126	0.000	33333.333	50000.000	1.000	0.000	0.000
3340.000	13.000	0.000	13.000	90879.687	0.000	50000.000	100000.000	1.000	0.000	0.000
3344.000	19.000	18.000	1.000	11943.503	0.000	11111.111	12500.000	1.000	0.000	0.000
3348.000	89.000	87.000	2.000	12873.263	0.000	12500.000	14285.714	1.000	0.000	0.000
3352.000	126.000	120.000	6.000	15452.233	0.000	14285.714	16666.667	1.000	0.000	0.000
3356.000	58.000	56.000	2.000	17673.472	0.000	16666.667	20000.000	1.000	0.000	0.000
3360.000	18.000	17.000	1.000	23804.560	0.000	20000.000	25000.000	1.000	0.000	0.000
3364.000	31.000	30.000	1.000	25732.069	0.000	25000.000	33333.333	1.000	0.000	0.000
3368.000	17.000	16.000	1.000	43382.502	0.000	33333.333	50000.000	1.000	0.000	0.000
3372.000	20.000	19.000	1.000	93728.848	0.000	50000.000	100000.000	1.000	0.000	0.000
3376.000	18.000	17.000	1.000	11116.636	0.000	11111.111	12500.000	1.000	0.000	0.000
3380.000	66.000	64.000	2.000	13109.720	0.000	12500.000	14285.714	1.000	0.000	0.000
3384.000	22.000	21.000	1.000	15452.644	0.000	14285.714	16666.667	1.000	0.000	0.000
3388.000	23.000	22.000	1.000	19424.802	0.000	16666.667	20000.000	1.000	0.000	0.000
3392.000	46.000	44.000	2.000	28046.803	0.000	25000.000	33333.333	1.000	0.000	0.000
3396.000	20.000	19.000	1.000	47514.619	0.000	33333.333	50000.000	1.000	0.000	0.000
3400.000	19.000	18.000	1.000	88848.856	0.000	50000.000	100000.000	1.000	0.000	0.000
3404.000	48.000	47.000	1.000	12420.837	0.000	11111.111	12500.000	1.000	0.000	0.000
3408.000	66.000	63.000	3.000	12784.006	0.000	12500.000	14285.714	1.000	0.000	0.000
3412.000	86.000	84.000	2.000	14986.744	0.000	14285.714	16666.667	1.000	0.000	0.000
3416.000	44.000	42.000	2.000	17801.378	0.000	16666.667	20000.000	1.000	0.000	0.000
3420.000	35.000	33.000	2.000	23372.932	0.000	20000.000	25000.000	1.000	0.000	0.000
3424.000	38.000	37.000	1.000	29753.666	0.000	25000.000	33333.333	1.000	0.000	0.000
3428.000	14.000	13.000	1.000	40977.977	0.000	33333.333	50000.000	1.000	0.000	0.000
3432.000	2.000	0.000	2.000	59391.653	0.000	50000.000	100000.000	1.000	0.000	0.000
3436.000	41.000	40.000	1.000	12020.377	0.000	11111.111	12500.000	1.000	0.000	0.000
3440.000	74.000	71.000	3.000	13878.784	0.000	12500.000	14285.714	1.000	0.000	0.000
3444.000	36.000	32.000	4.000	15076.919	0.000	14285.714	16666.667	1.000	0.000	0.000
3448.000	55.000	52.000	3.000	18851.595	0.000	16666.667	20000.000	1.000	0.000	0.000
3452.000	83.000	78.000	5.000	20002.781	0.000	20000.000	25000.000	1.000	0.000	0.000
3456.000	25.000	24.000	1.000	38405.162	0.000	33333.333	50000.000	1.000	0.000	0.000
3460.000	1.000	0.000	1.000	94215.646	0.000	50000.000	100000.000	1.000	0.000	0.000
3464.000	32.000	31.000	1.000	11664.510	0.000	11111.111	12500.000	1.000	0.000	0.000
3468.000	106.000	103.000	3.000	13470.310	0.000	12500.000	14285.714	1.000	0.000	0.000
3472.000	18.000	17.000	1.000	14529.908	0.000	14285.714	16666.667	1.000	0.000	0.000
3476.000	19.000	18.000	1.000	17067.414	0.000	16666.667	20000.000	1.000	0.000	0.000
3480.000	16.000	15.000	1.000	21146.040	0.000	20000.000	25000.000	1.000	0.000	0.000
3484.000	18.000	17.000	1.000	25865.836	0.000	25000.000	33333.333	1.000	0.000	0.000
3488.000	18.000	17.000	1.000	48052.815	0.000	33333.333	50000.000	1.000	0.000	0.000
3492.000	1.000	0.000	1.000	73064.067	0.000	50000.000	100000.000	1.000	0.000	0.000
3496.000	44.000	42.000	2.000	11122.813	0.000	11111.111	12500.000	1.000	0.000	0.000
3500.000	112.000	109.000	3.000	12794.291	0.000	12500.000	14285.714	1.000	0.000	0.000
3504.000	36.000	34.000	2.000	15231.000	0.000	14285.714	16666.667	1.000	0.000	0.000
3508.000	16.000	15.000	1.000	18788.647	0.000	16666.667	20000.000	1.000	0.000	0.000
3512.000	37.000	36.000	1.000	24054.118	0.000	20000.000	25000.000	1.000	0.000	0.000
3516.000	60.000	57.000	3.000	31948.524	0.000	25000.000	33333.333	1.000	0.000	0.000
3520.000	15.000	14.000	1.000	53087.491	0.000	50000.000	100000.000	1.000	0.000	0.000
3524.000	21.000	20.000	1.000	12256.104	0.000	11111.111	12500.000	1.000	0.000	0.000
3528.000	151.000	144.000	7.000	12654.786	0.000	12500.000	14285.714	1.000	0.000	0.000
3532.000	64.000	62.000	2.000	15293.465	0.000	14285.714	16666.667	1.000	0.000	0.000
3536.000	47.000	45.000	2.000	19586.691	0.000	16666.667	20000.000	1.000	0.000	0.000
3540.000	78.000	76.000	2.000	20807.481	0.000	20000.000	25000.000	1.000	0.000	0.000
3544.000	23.000	22.000	1.000	31505.212	0.000	25000.000	33333.333	1.000	0.000	0.000
3548.000	4.000	0.000	4.000	34652.912	0.000	33333.333	50000.000	1.000	0.000	0.000
3552.000	75.000	69.000	6.000	59794.401	0.000	50000.000	100000.000	1.000	0.000	0.000
3556.000	59.000	56.000	3.000	11859.322	0.000	11111.111	12500.000	1.000	0.000	0.000
3560.000	73.000	70.000	3.000	14176.371	0.000	12500.000	14285.714	1.000	0.000	0.000
3564.000	30.000	29.000	1.000	14397.471	0.000	14285.714	16666.667	1.000	0.000	0.000
3568.000	23.000	22.000	1.000	19463.881	0.000	16666.667	20000.000	1.000	0.000	0.000
3572.000	37.000	36.000	1.000	24000.249	0.000	20000.000	25000.000	1.000	0.000	0.000
3576.000	18.000	17.000	1.000	25902.192	0.000	25000.000	33333.333	1.000	0.000	0.000
3580.000	20.000	19.000	1.000	37759.393	0.000	33333.333	50000.000	1.000	0.000	0.000
3584.000	34.000	33.000	1.000	12165.351	0.000	11111.111	12500.000	1.000	0.000	0.000
3588.000	68.000	66.000	2.000	13870.715	0.000	12500.000	14285.714	1.000	0.000	0.000
3592.000	17.000	16.000	1.000	16398.445	0.000	14285.714	16666.667	1.000	0.000	0.000
3596.000	18.000	17.000	1.000	19126.867	0.000	16666.667	20000.000	1.000	0.000	0.000
3600.000	48.000	46.000	2.000	21251.841	0.000	20000.000	25000.000	1.000	0.000	0.000
3604.000	16.000	15.000	1.000	30658.816	0.000	25000.000	33333.333	1.000	0.000	0.000
3608.000	13.000	12.000	1.000	39926.682	0.000	33333.333	50000.000	1.000	0.000	0.000
3612.000	27.000	25.000	2.000	62404.173	0.000	50000.000	100000.000	1.000	0.000	0.000
3616.000	47.000	46.000	1.000	11769.355	0.000	11111.111	12500.000	1.000	0.000	0.000
3620.000	239.000	229.000	10.000	13468.331	0.000	12500.000	14285.714	1.000	0.000	0.000
3624.000	18.000	17.000	1.000	14475.860	0.000	14285.714	16666.667	1.000	0.000	0.000
3628.000	30.000	29.000	1.000	18626.573	0.000	16666.667	20000.000	1.000	0.000	0.000
3632.000	43.000	41.000	2.000	24453.180	0.000	20000.000	25000.000	1.000	0.000	0.000
3636.000	24.000	23.000	1.000	25160.291	0.000	25000.000	33333.333	1.000	0.000	0.000
3640.000	22.000	21.000	1.000	34102.241	0.000	33333.333	50000.000	1.000	0.000	0.000
3644.000	1.000	0.000	1.000	87399.664	0.000	50000.000	100000.000	1.000	0.000	0.000
3648.000	21.000	20.000	1.000	12571.200	0.000	12500.000	14285.714	1.000	0.000	0.000
3652.000	39.000	37.000	2.000	15179.556	0.000	14285.714	16666.667	1.000	0.000	0.000
3656.000	55.000	52.000	3.000	18693.654	0.000	16666.667	20000.000	1.000	0.000	0.000
3660.000	18.000	17.000	1.000	24172.144	0.000	20000.000	25000.000	1.000	0.000	0.000
3664.000	31.000	29.000	2.000	29993.749	0.000	25000.000	33333.333	1.000	0.000	0.000
3668.000	31.000	29.000	2.000	40372.363	0.000	33333.333	50000.000	1.000	0.000	0.000
3672.000	12.000	11.000	1.000	55243.055	0.000	50000.000	100000.000	1.000	0.000	0.000
3676.000	45.000	43.000	2.000	12468.280	0.000	11111.111	12500.000	1.000	0.000	0.000
3680.000	19.000	18.000	1.000	12894.614	0.000	12500.000	14285.714	1.000	0.000	0.000
3684.000	40.000	25.000	15.000	16134.022	0.000	14285.714	16666.667	1.000	0.000	0.000
3688.000	48.000	46.000	2.000	17516.504	0.000	16666.667	20000.000	1.000	0.000	0.000
3692.000	52.000	49.000	3.000	21420.312	0.000	20000.000	25000.000	1.000	0.000	0.000
3696.000	35.000	33.000	2.000	33297.300	0.000	25000.000	33333.333	1.000	0.000	0.000
3700.000	35.000	33.000	2.000	41482.625	0.000	33333.333	50000.000	1.000	0.000	0.000
3704.000	12.000	11.000	1.000	55248.312	0.000	50000.000	100000.000	1.000	0.000	0.000
3708.000	19.000	18.000	1.000	11195.570	0.000	11111.111	12500.000	1.000	0.000	0.000
3712.000	113.000	110.000	3.000	15817.276	0.000	14285.714	16666.667	1.000	0.000	0.000
3716.000	17.000	16.000	1.000	19201.629	0.000	16666.667	20000.000	1.000	0.000	0.000
3720.000	14.000	13.000	1.000	23586.292	0.000	20000.000	25000.000	1.000	0.000	0.000
3724.000	16.000	15.000	1.000	27148.301	0.000	25000.000	33333.333	1.000	0.000	0.000
3728.000	33.000	31.000	2.000	39335.526	0.000	33333.333	50000.000	1.000	0.000	0.000
3732.000	5.000	4.000	1.000	96684.544	0.000	50000.000	100000.000	1.000	0.000	0.000
3736.000	75.000	72.000	3.000	11610.732	0.000	11111.111	12500.000	1.000	0.000	0.000
3740.000	72.000	70.000	2.000	14222.101	0.000	12500.000	14285.714	1.000	0.000	0.000
3744.000	10.000	2.000	8.000	16093.839	0.000	14285.714	16666.667	1.000	0.000	0.000
3748.000	27.000	26.000	1.000	17208.576	0.000	16666.667	20000.000	1.000	0.000	0.000
3752.000	51.000	49.000	2.000	23091.373	0.000	20000.000	25000.000	1.000	0.000	0.000
3756.000	2.000	1.000	1.000	28181.602	0.000	25000.000	33333.333	1.000	0.000	0.000
3760.000	13.000	12.000	1.000	39032.680	0.000	33333.333	50000.000	1.000	0.000	0.000
3764.000	11.000	10.000	1.000	85220.554	0.000	50000.000	100000.000	1.000	0.000	0.000
3768.000	101.000	97.000	4.000	12229.896	0.000	11111.111	12500.000	1.000	0.000	0.000
3772.000	20.000	19.000	1.000	12867.128	0.000	12500.000	14285.714	1.000	0.000	0.000
3776.000	17.000	16.000	1.000	18715.552	0.000	16666.667	20000.000	1.000	0.000	0.000
3780.000	20.000	18.000	2.000	20543.856	0.000	20000.000	25000.000	1.000	0.000	0.000
3784.000	16.000	15.000	1.000	26518.282	0.000	25000.000	33333.333	1.000	0.000	0.000
3788.000	29.000	27.000	2.000	46919.350	0.000	33333.333	50000.000	1.000	0.000	0.000
3792.000	9.000	5.000	4.000	91045.981	0.000	50000.000	100000.000	1.000	0.000	0.000
3796.000	19.000	18.000	1.000	12356.151	0.000	11111.111	12500.000	1.000	0.000	0.000
3800.000	266.000	259.000	7.000	13576.479	0.000	12500.000	14285.714	1.000	0.000	0.000
3804.000	46.000	44.000	2.000	15984.159	0.000	14285.714	16666.667	1.000	0.000	0.000
3808.000	33.000	32.000	1.000	19471.498	0.000	16666.667	20000.000	1.000	0.000	0.000
3812.000	32.000	31.000	1.000	22885.180	0.000	20000.000	25000.000	1.000	0.000	0.000
3816.000	18.000	17.000	1.000	28024.913	0.000	25000.000	33333.333	1.000	0.000	0.000
3820.000	22.000	21.000	1.000	44239.351	0.000	33333.333	50000.000	1.000	0.000	0.000
3824.000	2.000	0.000	2.000	87204.908	0.000	50000.000	100000.000	1.000	0.000	0.000
3828.000	42.000	40.000	2.000	11881.937	0.000	11111.111	12500.000	1.000	0.000	0.000
3832.000	34.000	33.000	1.000	13547.066	0.000	12500.000	14285.714	1.000	0.000	0.000
3836.000	21.000	20.000	1.000	16252.674	0.000	14285.714	16666.667	1.000	0.000	0.000
3840.000	18.000	17.000	1.000	24240.952	0.000	20000.000	25000.000	1.000	0.000	0.000
3844.000	16.000	15.000	1.000	32216.259	0.000	25000.000	33333.333	1.000	0.000	0.000
3848.000	1.000	0.000	1.000	49558.397	0.000	33333.333	50000.000	1.000	0.000	0.000
3852.000	40.000	37.000	3.000	53958.452	0.000	50000.000	100000.000	1.000	0.000	0.000
3856.000	45.000	44.000	1.000	11149.481	0.000	11111.111	12500.000	1.000	0.000	0.000
3860.000	191.000	185.000	6.000	14161.845	0.000	12500.000	14285.714	1.000	0.000	0.000
3864.000	185.000	178.000	7.000	14798.706	0.000	14285.714	16666.667	1.000	0.000	0.000
3868.000	49.000	47.000	2.000	18627.967	0.000	16666.667	20000.000	1.000	0.000	0.000
3872.000	33.000	32.000	1.000	20509.258	0.000	20000.000	25000.000	1.000	0.000	0.000
3876.000	37.000	36.000	1.000	29434.827	0.000	25000.000	33333.333	1.000	0.000	0.000
3880.000	6.000	0.000	6.000	38762.052	0.000	33333.333	50000.000	1.000	0.000	0.000
3884.000	1.000	0.000	1.000	88272.398	0.000	50000.000	100000.000	1.000	0.000	0.000
3888.000	20.000	19.000	1.000	11955.350	0.000	11111.111	12500.000	1.000	0.000	0.000
3892.000	24.000	23.000	1.000	12768.541	0.000	12500.000	14285.714	1.000	0.000	0.000
3896.000	53.000	51.000	2.000	14475.198	0.000	14285.714	16666.667	1.000	0.000	0.000
3900.000	15.000	14.000	1.000	19169.712	0.000	16666.667	20000.000	1.000	0.000	0.000
3904.000	36.000	34.000	2.000	31760.614	0.000	25000.000	33333.333	1.000	0.000	0.000
3908.000	31.000	29.000	2.000	42646.800	0.000	33333.333	50000.000	1.000	0.000	0.000
3912.000	9.000	8.000	1.000	60927.196	0.000	50000.000	100000.000	1.000	0.000	0.000
3916.000	19.000	18.000	1.000	12336.719	0.000	11111.111	12500.000	1.000	0.000	0.000
3920.000	21.000	20.000	1.000	13919.608	0.000	12500.000	14285.714	1.000	0.000	0.000
3924.000	19.000	18.000	1.000	14867.498	0.000	14285.714	16666.667	1.000	0.000	0.000
3928.000	107.000	103.000	4.000	19922.233	0.000	16666.667	20000.000	1.000	0.000	0.000
3932.000	20.000	19.000	1.000	23419.294	0.000	20000.000	25000.000	1.000	0.000	0.000
3936.000	15.000	14.000	1.000	29290.759	0.000	25000.000	33333.333	1.000	0.000	0.000
3940.000	28.000	26.000	2.000	47365.356	0.000	33333.333	50000.000	1.000	0.000	0.000
3944.000	24.000	23.000	1.000	59469.737	0.000	50000.000	100000.000	1.000	0.000	0.000
3948.000	181.000	175.000	6.000	12170.622	0.000	11111.111	12500.000	1.000	0.000	0.000
3952.000	81.000	78.000	3.000	12634.084	0.000	12500.000	14285.714	1.000	0.000	0.000
3956.000	58.000	56.000	2.000	15165.543	0.000	14285.714	16666.667	1.000	0.000	0.000
3960.000	35.000	33.000	2.000	19899.469	0.000	16666.667	20000.000	1.000	0.000	0.000
3964.000	114.000	110.000	4.000	24452.493	0.000	20000.000	25000.000	1.000	0.000	0.000
3968.000	17.000	16.000	1.000	43595.906	0.000	33333.333	50000.000	1.000	0.000	0.000
3972.000	13.000	12.000	1.000	57620.132	0.000	50000.000	100000.000	1.000	0.000	0.000
3976.000	23.000	22.000	1.000	11386.255	0.000	11111.111	12500.000	1.000	0.000	0.000
3980.000	22.000	21.000	1.000	13993.653	0.000	12500.000	14285.714	1.000	0.000	0.000
3984.000	37.000	35.000	2.000	14396.459	0.000	14285.714	16666.667	1.000	0.000	0.000
3988.000	22.000	21.000	1.000	19567.434	0.000	16666.667	20000.000	1.000	0.000	0.000
3992.000	15.000	14.000	1.000	23469.160	0.000	20000.000	25000.000	1.000	0.000	0.000
3996.000	173.000	168.000	5.000	29170.310	0.000	25000.000	33333.333	1.000	0.000	0.000
4000.000	28.000	26.000	2.000	39521.652	0.000	33333.333	50000.000	1.000	0.000	0.000
4004.000	15.000	14.000	1.000	57497.426	0.000	50000.000	100000.000	1.000	0.000	0.000
4008.000	23.000	22.000	1.000	11125.158	0.000	11111.111	12500.000	1.000	0.000	0.000
4012.000	65.000	62.000	3.000	13349.243	0.000	12500.000	14285.714	1.000	0.000	0.000
4016.000	231.000	226.000	5.000	14360.666	0.000	14285.714	16666.667	1.000	0.000	0.000
4020.000	17.000	16.000	1.000	17857.692	0.000	16666.667	20000.000	1.000	0.000	0.000
4024.000	19.000	18.000	1.000	20113.325	0.000	20000.000	25000.000	1.000	0.000	0.000
4028.000	16.000	15.000	1.000	31282.517	0.000	25000.000	33333.333	1.000	0.000	0.000
4032.000	2.000	0.000	2.000	52953.509	0.000	50000.000	100000.000	1.000	0.000	0.000
4036.000	370.000	363.000	7.000	11235.115	0.000	11111.111	12500.000	1.000	0.000	0.000
4040.000	33.000	32.000	1.000	12903.786	0.000	12500.000	14285.714	1.000	0.000	0.000
4044.000	34.000	33.000	1.000	15584.151	0.000	14285.714	16666.667	1.000	0.000	0.000
4048.000	36.000	34.000	2.000	19815.803	0.000	16666.667	20000.000	1.000	0.000	0.000
4052.000	123.000	120.000	3.000	23085.710	0.000	20000.000	25000.000	1.000	0.000	0.000
4056.000	35.000	34.000	1.000	33228.367	0.000	25000.000	33333.333	1.000	0.000	0.000
4060.000	17.000	16.000	1.000	45492.668	0.000	33333.333	50000.000	1.000	0.000	0.000
4064.000	16.000	15.000	1.000	63284.047	0.000	50000.000	100000.000	1.000	0.000	0.000
4068.000	24.000	23.000	1.000	11595.000	0.000	11111.111	12500.000	1.000	0.000	0.000
4072.000	29.000	28.000	1.000	13554.974	0.000	12500.000	14285.714	1.000	0.000	0.000
4076.000	19.000	18.000	1.000	16456.867	0.000	14285.714	16666.667	1.000	0.000	0.000
4080.000	59.000	57.000	2.000	19189.357	0.000	16666.667	20000.000	1.000	0.000	0.000
4084.000	20.000	19.000	1.000	20967.565	0.000	20000.000	25000.000	1.000	0.000	0.000
4088.000	46.000	44.000	2.000	32356.024	0.000	25000.000	33333.333	1.000	0.000	0.000
4092.000	18.000	17.000	1.000	48261.222	0.000	33333.333	50000.000	1.000	0.000	0.000
